   0.0000000000000000e+00	   0.0000000000000000e+00	   0.0000000000000000e+00	   0.0000000000000000e+00	   0.0000000000000000e+00	   0.0000000000000000e+00	   0.0000000000000000e+00	   0.0000000000000000e+00	   0.0000000000000000e+00	   0.0000000000000000e+00	   0.0000000000000000e+00	
  -1.1428571428573342e+01	  -1.1428571428573342e+01	  -1.1428571428573342e+01	  -1.1428571428573342e+01	  -1.1428571428573342e+01	  -1.2000000000002009e+01	  -1.4033142857145207e+00	  -2.6736000000004478e-01	  -8.1897142857156568e-01	   1.0072000000001686e+00	  -5.9777142857152867e+00	
  -2.2857142857142243e+01	  -2.2857142857142243e+01	  -2.2857142857142243e+01	  -2.2857142857142243e+01	  -2.2857142857142243e+01	  -2.3999999999999353e+01	  -2.8066285714284964e+00	  -5.3471999999998565e-01	  -1.6379428571428132e+00	   2.0143999999999456e+00	  -1.1955428571428250e+01	
  -3.4285714285715585e+01	  -3.4285714285715585e+01	  -3.4285714285715585e+01	  -3.4285714285715585e+01	  -3.4285714285715585e+01	  -3.6000000000001364e+01	  -4.2099428571430169e+00	  -8.0208000000003044e-01	  -2.4569142857143791e+00	   3.0216000000001144e+00	  -1.7933142857143537e+01	
  -4.5714285714284486e+01	  -4.5714285714284486e+01	  -4.5714285714284486e+01	  -4.5714285714284486e+01	  -4.5714285714284486e+01	  -4.7999999999998707e+01	  -5.6132571428569928e+00	  -1.0694399999999713e+00	  -3.2758857142856264e+00	   4.0287999999998911e+00	  -2.3910857142856500e+01	
  -5.7142857142857828e+01	  -5.7142857142857828e+01	  -5.7142857142857828e+01	  -5.7142857142857828e+01	  -5.7142857142857828e+01	  -6.0000000000000718e+01	  -7.0165714285715133e+00	  -1.3368000000000160e+00	  -4.0948571428571920e+00	   5.0360000000000600e+00	  -2.9888571428571787e+01	
  -6.8571428571426736e+01	  -6.8571428571426736e+01	  -6.8571428571426736e+01	  -6.8571428571426736e+01	  -6.8571428571426736e+01	  -7.1999999999998067e+01	  -8.4198857142854884e+00	  -1.6041599999999570e+00	  -4.9138285714284393e+00	   6.0431999999998371e+00	  -3.5866285714284750e+01	
  -8.0000000000000071e+01	  -8.0000000000000071e+01	  -8.0000000000000071e+01	  -8.0000000000000071e+01	  -8.0000000000000071e+01	  -8.4000000000000071e+01	  -9.8232000000000088e+00	  -1.8715200000000016e+00	  -5.7328000000000054e+00	   7.0504000000000060e+00	  -4.1844000000000037e+01	
  -9.1428571428568972e+01	  -9.1428571428568972e+01	  -9.1428571428568972e+01	  -9.1428571428568972e+01	  -9.1428571428568972e+01	  -9.5999999999997414e+01	  -1.1226514285713986e+01	  -2.1388799999999426e+00	  -6.5517714285712527e+00	   8.0575999999997823e+00	  -4.7821714285713000e+01	
  -1.0285714285714232e+02	  -1.0285714285714232e+02	  -1.0285714285714232e+02	  -1.0285714285714232e+02	  -1.0285714285714232e+02	  -1.0799999999999943e+02	  -1.2629828571428506e+01	  -2.4062399999999871e+00	  -7.3707428571428188e+00	   9.0647999999999520e+00	  -5.3799428571428287e+01	
  -1.1428571428571566e+02	  -1.1428571428571566e+02	  -1.1428571428571566e+02	  -1.1428571428571566e+02	  -1.1428571428571566e+02	  -1.2000000000000144e+02	  -1.4033142857143027e+01	  -2.6736000000000320e+00	  -8.1897142857143841e+00	   1.0072000000000120e+01	  -5.9777142857143573e+01	
  -1.2571428571428456e+02	  -1.2571428571428456e+02	  -1.2571428571428456e+02	  -1.2571428571428456e+02	  -1.2571428571428456e+02	  -1.3199999999999878e+02	  -1.5436457142857002e+01	  -2.9409599999999729e+00	  -9.0086857142856314e+00	   1.1079199999999897e+01	  -6.5754857142856537e+01	
  -1.3714285714285791e+02	  -1.3714285714285791e+02	  -1.3714285714285791e+02	  -1.3714285714285791e+02	  -1.3714285714285791e+02	  -1.4400000000000080e+02	  -1.6839771428571524e+01	  -3.2083200000000178e+00	  -9.8276571428571966e+00	   1.2086400000000067e+01	  -7.1732571428571831e+01	
  -1.4857142857142679e+02	  -1.4857142857142679e+02	  -1.4857142857142679e+02	  -1.4857142857142679e+02	  -1.4857142857142679e+02	  -1.5599999999999815e+02	  -1.8243085714285499e+01	  -3.4756799999999584e+00	  -1.0646628571428446e+01	   1.3093599999999844e+01	  -7.7710285714284794e+01	
  -1.6000000000000014e+02	  -1.6000000000000014e+02	  -1.6000000000000014e+02	  -1.6000000000000014e+02	  -1.6000000000000014e+02	  -1.6800000000000014e+02	  -1.9646400000000018e+01	  -3.7430400000000033e+00	  -1.1465600000000011e+01	   1.4100800000000012e+01	  -8.3688000000000073e+01	
  -1.7142857142856906e+02	  -1.7142857142856906e+02	  -1.7142857142856906e+02	  -1.7142857142856906e+02	  -1.7142857142856906e+02	  -1.7999999999999750e+02	  -2.1049714285713993e+01	  -4.0103999999999438e+00	  -1.2284571428571258e+01	   1.5107999999999789e+01	  -8.9665714285713037e+01	
  -1.8285714285714238e+02	  -1.8285714285714238e+02	  -1.8285714285714238e+02	  -1.8285714285714238e+02	  -1.8285714285714238e+02	  -1.9199999999999952e+02	  -2.2453028571428515e+01	  -4.2777599999999891e+00	  -1.3103542857142823e+01	   1.6115199999999959e+01	  -9.5643428571428331e+01	
  -1.9428571428571573e+02	  -1.9428571428571573e+02	  -1.9428571428571573e+02	  -1.9428571428571573e+02	  -1.9428571428571573e+02	  -2.0400000000000151e+02	  -2.3856342857143037e+01	  -4.5451200000000336e+00	  -1.3922514285714389e+01	   1.7122400000000127e+01	  -1.0162114285714361e+02	
  -2.0571428571428464e+02	  -2.0571428571428464e+02	  -2.0571428571428464e+02	  -2.0571428571428464e+02	  -2.0571428571428464e+02	  -2.1599999999999886e+02	  -2.5259657142857012e+01	  -4.8124799999999741e+00	  -1.4741485714285638e+01	   1.8129599999999904e+01	  -1.0759885714285657e+02	
  -2.1714285714285796e+02	  -2.1714285714285796e+02	  -2.1714285714285796e+02	  -2.1714285714285796e+02	  -2.1714285714285796e+02	  -2.2800000000000088e+02	  -2.6662971428571531e+01	  -5.0798400000000195e+00	  -1.5560457142857203e+01	   1.9136800000000072e+01	  -1.1357657142857187e+02	
  -2.2857142857142688e+02	  -2.2857142857142688e+02	  -2.2857142857142688e+02	  -2.2857142857142688e+02	  -2.2857142857142688e+02	  -2.3999999999999821e+02	  -2.8066285714285506e+01	  -5.3471999999999600e+00	  -1.6379428571428448e+01	   2.0143999999999849e+01	  -1.1955428571428483e+02	
  -2.4000000000000023e+02	  -2.4000000000000023e+02	  -2.4000000000000023e+02	  -2.4000000000000023e+02	  -2.4000000000000023e+02	  -2.5200000000000023e+02	  -2.9469600000000028e+01	  -5.6145600000000053e+00	  -1.7198400000000017e+01	   2.1151200000000017e+01	  -1.2553200000000011e+02	
  -2.5142857142856911e+02	  -2.5142857142856911e+02	  -2.5142857142856911e+02	  -2.5142857142856911e+02	  -2.5142857142856911e+02	  -2.6399999999999756e+02	  -3.0872914285714003e+01	  -5.8819199999999459e+00	  -1.8017371428571263e+01	   2.2158399999999794e+01	  -1.3150971428571307e+02	
  -2.6285714285714243e+02	  -2.6285714285714243e+02	  -2.6285714285714243e+02	  -2.6285714285714243e+02	  -2.6285714285714243e+02	  -2.7599999999999960e+02	  -3.2276228571428526e+01	  -6.1492799999999903e+00	  -1.8836342857142828e+01	   2.3165599999999962e+01	  -1.3748742857142835e+02	
  -2.7428571428571360e+02	  -2.7428571428571360e+02	  -2.7428571428571360e+02	  -2.7428571428571360e+02	  -2.7428571428571360e+02	  -2.8799999999999926e+02	  -3.3679542857142771e+01	  -6.4166399999999832e+00	  -1.9655314285714237e+01	   2.4172799999999935e+01	  -1.4346514285714250e+02	
  -2.8571428571428470e+02	  -2.8571428571428470e+02	  -2.8571428571428470e+02	  -2.8571428571428470e+02	  -2.8571428571428470e+02	  -2.9999999999999892e+02	  -3.5082857142857023e+01	  -6.6839999999999762e+00	  -2.0474285714285642e+01	   2.5179999999999911e+01	  -1.4944285714285661e+02	
  -2.9714285714285802e+02	  -2.9714285714285802e+02	  -2.9714285714285802e+02	  -2.9714285714285802e+02	  -2.9714285714285802e+02	  -3.1200000000000097e+02	  -3.6486171428571545e+01	  -6.9513600000000206e+00	  -2.1293257142857207e+01	   2.6187200000000079e+01	  -1.5542057142857189e+02	
  -3.0857142857142918e+02	  -3.0857142857142918e+02	  -3.0857142857142918e+02	  -3.0857142857142918e+02	  -3.0857142857142918e+02	  -3.2400000000000063e+02	  -3.7889485714285790e+01	  -7.2187200000000136e+00	  -2.2112228571428613e+01	   2.7194400000000051e+01	  -1.6139828571428603e+02	
  -3.2000000000000028e+02	  -3.2000000000000028e+02	  -3.2000000000000028e+02	  -3.2000000000000028e+02	  -3.2000000000000028e+02	  -3.3600000000000028e+02	  -3.9292800000000035e+01	  -7.4860800000000065e+00	  -2.2931200000000022e+01	   2.8201600000000024e+01	  -1.6737600000000015e+02	
  -3.3142857142857139e+02	  -3.3142857142857139e+02	  -3.3142857142857139e+02	  -3.3142857142857139e+02	  -3.3142857142857139e+02	  -3.4800000000000000e+02	  -4.0696114285714287e+01	  -7.7534399999999994e+00	  -2.3750171428571427e+01	   2.9208799999999997e+01	  -1.7335371428571426e+02	
  -3.4285714285714477e+02	  -3.4285714285714477e+02	  -3.4285714285714477e+02	  -3.4285714285714477e+02	  -3.4285714285714477e+02	  -3.6000000000000199e+02	  -4.2099428571428810e+01	  -8.0208000000000439e+00	  -2.4569142857142992e+01	   3.0216000000000165e+01	  -1.7933142857142957e+02	
  -3.5428571428571365e+02	  -3.5428571428571365e+02	  -3.5428571428571365e+02	  -3.5428571428571365e+02	  -3.5428571428571365e+02	  -3.7199999999999932e+02	  -4.3502742857142785e+01	  -8.2881599999999853e+00	  -2.5388114285714241e+01	   3.1223199999999942e+01	  -1.8530914285714252e+02	
  -3.6571428571428697e+02	  -3.6571428571428697e+02	  -3.6571428571428697e+02	  -3.6571428571428697e+02	  -3.6571428571428697e+02	  -3.8400000000000136e+02	  -4.4906057142857300e+01	  -8.5555200000000298e+00	  -2.6207085714285807e+01	   3.2230400000000110e+01	  -1.9128685714285780e+02	
  -3.7714285714285592e+02	  -3.7714285714285592e+02	  -3.7714285714285592e+02	  -3.7714285714285592e+02	  -3.7714285714285592e+02	  -3.9599999999999869e+02	  -4.6309371428571275e+01	  -8.8228799999999712e+00	  -2.7026057142857056e+01	   3.3237599999999887e+01	  -1.9726457142857078e+02	
  -3.8857142857142924e+02	  -3.8857142857142924e+02	  -3.8857142857142924e+02	  -3.8857142857142924e+02	  -3.8857142857142924e+02	  -4.0800000000000068e+02	  -4.7712685714285797e+01	  -9.0902400000000156e+00	  -2.7845028571428621e+01	   3.4244800000000055e+01	  -2.0324228571428606e+02	
  -4.0000000000000256e+02	  -4.0000000000000256e+02	  -4.0000000000000256e+02	  -4.0000000000000256e+02	  -4.0000000000000256e+02	  -4.2000000000000273e+02	  -4.9116000000000319e+01	  -9.3576000000000601e+00	  -2.8664000000000186e+01	   3.5252000000000223e+01	  -2.0922000000000133e+02	
  -4.1142857142857150e+02	  -4.1142857142857150e+02	  -4.1142857142857150e+02	  -4.1142857142857150e+02	  -4.1142857142857150e+02	  -4.3200000000000006e+02	  -5.0519314285714294e+01	  -9.6249600000000015e+00	  -2.9482971428571432e+01	   3.6259200000000000e+01	  -2.1519771428571431e+02	
  -4.2285714285714482e+02	  -4.2285714285714482e+02	  -4.2285714285714482e+02	  -4.2285714285714482e+02	  -4.2285714285714482e+02	  -4.4400000000000205e+02	  -5.1922628571428817e+01	  -9.8923200000000460e+00	  -3.0301942857142997e+01	   3.7266400000000168e+01	  -2.2117542857142959e+02	
  -4.3428571428571371e+02	  -4.3428571428571371e+02	  -4.3428571428571371e+02	  -4.3428571428571371e+02	  -4.3428571428571371e+02	  -4.5599999999999943e+02	  -5.3325942857142792e+01	  -1.0159679999999987e+01	  -3.1120914285714246e+01	   3.8273599999999945e+01	  -2.2715314285714257e+02	
  -4.4571428571428709e+02	  -4.4571428571428709e+02	  -4.4571428571428709e+02	  -4.4571428571428709e+02	  -4.4571428571428709e+02	  -4.6800000000000142e+02	  -5.4729257142857314e+01	  -1.0427040000000032e+01	  -3.1939885714285811e+01	   3.9280800000000120e+01	  -2.3313085714285785e+02	
  -4.5714285714285597e+02	  -4.5714285714285597e+02	  -4.5714285714285597e+02	  -4.5714285714285597e+02	  -4.5714285714285597e+02	  -4.7999999999999875e+02	  -5.6132571428571289e+01	  -1.0694399999999971e+01	  -3.2758857142857060e+01	   4.0287999999999897e+01	  -2.3910857142857080e+02	
  -4.6857142857142929e+02	  -4.6857142857142929e+02	  -4.6857142857142929e+02	  -4.6857142857142929e+02	  -4.6857142857142929e+02	  -4.9200000000000080e+02	  -5.7535885714285811e+01	  -1.0961760000000018e+01	  -3.3577828571428626e+01	   4.1295200000000065e+01	  -2.4508628571428611e+02	
  -4.8000000000000267e+02	  -4.8000000000000267e+02	  -4.8000000000000267e+02	  -4.8000000000000267e+02	  -4.8000000000000267e+02	  -5.0400000000000279e+02	  -5.8939200000000326e+01	  -1.1229120000000062e+01	  -3.4396800000000191e+01	   4.2302400000000233e+01	  -2.5106400000000139e+02	
  -4.9142857142857156e+02	  -4.9142857142857156e+02	  -4.9142857142857156e+02	  -4.9142857142857156e+02	  -4.9142857142857156e+02	  -5.1600000000000011e+02	  -6.0342514285714302e+01	  -1.1496480000000002e+01	  -3.5215771428571436e+01	   4.3309600000000010e+01	  -2.5704171428571436e+02	
  -5.0285714285714488e+02	  -5.0285714285714488e+02	  -5.0285714285714488e+02	  -5.0285714285714488e+02	  -5.0285714285714488e+02	  -5.2800000000000216e+02	  -6.1745828571428824e+01	  -1.1763840000000048e+01	  -3.6034742857143002e+01	   4.4316800000000178e+01	  -2.6301942857142961e+02	
  -5.1428571428571377e+02	  -5.1428571428571377e+02	  -5.1428571428571377e+02	  -5.1428571428571377e+02	  -5.1428571428571377e+02	  -5.3999999999999943e+02	  -6.3149142857142799e+01	  -1.2031199999999988e+01	  -3.6853714285714254e+01	   4.5323999999999955e+01	  -2.6899714285714259e+02	
  -5.2571428571428714e+02	  -5.2571428571428714e+02	  -5.2571428571428714e+02	  -5.2571428571428714e+02	  -5.2571428571428714e+02	  -5.5200000000000148e+02	  -6.4552457142857321e+01	  -1.2298560000000034e+01	  -3.7672685714285819e+01	   4.6331200000000123e+01	  -2.7497485714285790e+02	
  -5.3714285714285609e+02	  -5.3714285714285609e+02	  -5.3714285714285609e+02	  -5.3714285714285609e+02	  -5.3714285714285609e+02	  -5.6399999999999886e+02	  -6.5955771428571296e+01	  -1.2565919999999974e+01	  -3.8491657142857065e+01	   4.7338399999999901e+01	  -2.8095257142857082e+02	
  -5.4857142857142935e+02	  -5.4857142857142935e+02	  -5.4857142857142935e+02	  -5.4857142857142935e+02	  -5.4857142857142935e+02	  -5.7600000000000080e+02	  -6.7359085714285811e+01	  -1.2833280000000018e+01	  -3.9310628571428630e+01	   4.8345600000000069e+01	  -2.8693028571428613e+02	
  -5.5999999999999829e+02	  -5.5999999999999829e+02	  -5.5999999999999829e+02	  -5.5999999999999829e+02	  -5.5999999999999829e+02	  -5.8799999999999818e+02	  -6.8762399999999801e+01	  -1.3100639999999959e+01	  -4.0129599999999876e+01	   4.9352799999999846e+01	  -2.9290799999999911e+02	
  -5.7142857142857167e+02	  -5.7142857142857167e+02	  -5.7142857142857167e+02	  -5.7142857142857167e+02	  -5.7142857142857167e+02	  -6.0000000000000023e+02	  -7.0165714285714316e+01	  -1.3368000000000004e+01	  -4.0948571428571441e+01	   5.0360000000000014e+01	  -2.9888571428571436e+02	
  -5.8285714285714494e+02	  -5.8285714285714494e+02	  -5.8285714285714494e+02	  -5.8285714285714494e+02	  -5.8285714285714494e+02	  -6.1200000000000216e+02	  -7.1569028571428831e+01	  -1.3635360000000048e+01	  -4.1767542857143006e+01	   5.1367200000000182e+01	  -3.0486342857142967e+02	
  -5.9428571428571388e+02	  -5.9428571428571388e+02	  -5.9428571428571388e+02	  -5.9428571428571388e+02	  -5.9428571428571388e+02	  -6.2399999999999955e+02	  -7.2972342857142806e+01	  -1.3902719999999990e+01	  -4.2586514285714259e+01	   5.2374399999999959e+01	  -3.1084114285714264e+02	
  -6.0571428571428726e+02	  -6.0571428571428726e+02	  -6.0571428571428726e+02	  -6.0571428571428726e+02	  -6.0571428571428726e+02	  -6.3600000000000159e+02	  -7.4375657142857335e+01	  -1.4170080000000034e+01	  -4.3405485714285824e+01	   5.3381600000000127e+01	  -3.1681885714285789e+02	
  -6.1714285714285609e+02	  -6.1714285714285609e+02	  -6.1714285714285609e+02	  -6.1714285714285609e+02	  -6.1714285714285609e+02	  -6.4799999999999886e+02	  -7.5778971428571310e+01	  -1.4437439999999976e+01	  -4.4224457142857069e+01	   5.4388799999999904e+01	  -3.2279657142857087e+02	
  -6.2857142857142946e+02	  -6.2857142857142946e+02	  -6.2857142857142946e+02	  -6.2857142857142946e+02	  -6.2857142857142946e+02	  -6.6000000000000091e+02	  -7.7182285714285825e+01	  -1.4704800000000020e+01	  -4.5043428571428635e+01	   5.5396000000000072e+01	  -3.2877428571428618e+02	
  -6.3999999999999829e+02	  -6.3999999999999829e+02	  -6.3999999999999829e+02	  -6.3999999999999829e+02	  -6.3999999999999829e+02	  -6.7199999999999829e+02	  -7.8585599999999801e+01	  -1.4972159999999961e+01	  -4.5862399999999880e+01	   5.6403199999999849e+01	  -3.3475199999999916e+02	
  -6.5142857142857167e+02	  -6.5142857142857167e+02	  -6.5142857142857167e+02	  -6.5142857142857167e+02	  -6.5142857142857167e+02	  -6.8400000000000023e+02	  -7.9988914285714330e+01	  -1.5239520000000006e+01	  -4.6681371428571445e+01	   5.7410400000000017e+01	  -3.4072971428571441e+02	
  -6.6285714285714062e+02	  -6.6285714285714062e+02	  -6.6285714285714062e+02	  -6.6285714285714062e+02	  -6.6285714285714062e+02	  -6.9599999999999761e+02	  -8.1392228571428305e+01	  -1.5506879999999947e+01	  -4.7500342857142698e+01	   5.8417599999999794e+01	  -3.4670742857142739e+02	
  -6.7428571428571388e+02	  -6.7428571428571388e+02	  -6.7428571428571388e+02	  -6.7428571428571388e+02	  -6.7428571428571388e+02	  -7.0799999999999966e+02	  -8.2795542857142820e+01	  -1.5774239999999992e+01	  -4.8319314285714263e+01	   5.9424799999999969e+01	  -3.5268514285714269e+02	
  -6.8571428571428726e+02	  -6.8571428571428726e+02	  -6.8571428571428726e+02	  -6.8571428571428726e+02	  -6.8571428571428726e+02	  -7.2000000000000159e+02	  -8.4198857142857335e+01	  -1.6041600000000038e+01	  -4.9138285714285828e+01	   6.0432000000000137e+01	  -3.5866285714285794e+02	
  -6.9714285714285620e+02	  -6.9714285714285620e+02	  -6.9714285714285620e+02	  -6.9714285714285620e+02	  -6.9714285714285620e+02	  -7.3199999999999898e+02	  -8.5602171428571310e+01	  -1.6308959999999978e+01	  -4.9957257142857074e+01	   6.1439199999999914e+01	  -3.6464057142857092e+02	
  -7.0857142857142946e+02	  -7.0857142857142946e+02	  -7.0857142857142946e+02	  -7.0857142857142946e+02	  -7.0857142857142946e+02	  -7.4400000000000102e+02	  -8.7005485714285840e+01	  -1.6576320000000020e+01	  -5.0776228571428639e+01	   6.2446400000000082e+01	  -3.7061828571428623e+02	
  -7.1999999999999841e+02	  -7.1999999999999841e+02	  -7.1999999999999841e+02	  -7.1999999999999841e+02	  -7.1999999999999841e+02	  -7.5599999999999829e+02	  -8.8408799999999815e+01	  -1.6843679999999964e+01	  -5.1595199999999892e+01	   6.3453599999999859e+01	  -3.7659599999999915e+02	
  -7.3142857142857179e+02	  -7.3142857142857179e+02	  -7.3142857142857179e+02	  -7.3142857142857179e+02	  -7.3142857142857179e+02	  -7.6800000000000034e+02	  -8.9812114285714330e+01	  -1.7111040000000006e+01	  -5.2414171428571457e+01	   6.4460800000000020e+01	  -3.8257371428571446e+02	
  -7.4285714285714062e+02	  -7.4285714285714062e+02	  -7.4285714285714062e+02	  -7.4285714285714062e+02	  -7.4285714285714062e+02	  -7.7999999999999773e+02	  -9.1215428571428305e+01	  -1.7378399999999949e+01	  -5.3233142857142703e+01	   6.5467999999999805e+01	  -3.8855142857142744e+02	
  -7.5428571428571399e+02	  -7.5428571428571399e+02	  -7.5428571428571399e+02	  -7.5428571428571399e+02	  -7.5428571428571399e+02	  -7.9199999999999966e+02	  -9.2618742857142834e+01	  -1.7645759999999992e+01	  -5.4052114285714268e+01	   6.6475199999999973e+01	  -3.9452914285714269e+02	
  -7.6571428571428737e+02	  -7.6571428571428737e+02	  -7.6571428571428737e+02	  -7.6571428571428737e+02	  -7.6571428571428737e+02	  -8.0400000000000171e+02	  -9.4022057142857349e+01	  -1.7913120000000038e+01	  -5.4871085714285833e+01	   6.7482400000000140e+01	  -4.0050685714285800e+02	
  -7.7714285714285620e+02	  -7.7714285714285620e+02	  -7.7714285714285620e+02	  -7.7714285714285620e+02	  -7.7714285714285620e+02	  -8.1599999999999909e+02	  -9.5425371428571324e+01	  -1.8180479999999978e+01	  -5.5690057142857079e+01	   6.8489599999999911e+01	  -4.0648457142857097e+02	
  -7.8857142857142958e+02	  -7.8857142857142958e+02	  -7.8857142857142958e+02	  -7.8857142857142958e+02	  -7.8857142857142958e+02	  -8.2800000000000102e+02	  -9.6828685714285839e+01	  -1.8447840000000024e+01	  -5.6509028571428644e+01	   6.9496800000000093e+01	  -4.1246228571428622e+02	
  -7.9999999999999852e+02	  -7.9999999999999852e+02	  -7.9999999999999852e+02	  -7.9999999999999852e+02	  -7.9999999999999852e+02	  -8.3999999999999841e+02	  -9.8231999999999829e+01	  -1.8715199999999964e+01	  -5.7327999999999896e+01	   7.0503999999999863e+01	  -4.1843999999999920e+02	
  -8.1142857142857179e+02	  -8.1142857142857179e+02	  -8.1142857142857179e+02	  -8.1142857142857179e+02	  -8.1142857142857179e+02	  -8.5200000000000045e+02	  -9.9635314285714344e+01	  -1.8982560000000010e+01	  -5.8146971428571462e+01	   7.1511200000000031e+01	  -4.2441771428571451e+02	
  -8.2285714285714073e+02	  -8.2285714285714073e+02	  -8.2285714285714073e+02	  -8.2285714285714073e+02	  -8.2285714285714073e+02	  -8.6399999999999773e+02	  -1.0103862857142832e+02	  -1.9249919999999950e+01	  -5.8965942857142707e+01	   7.2518399999999815e+01	  -4.3039542857142749e+02	
  -8.3428571428571411e+02	  -8.3428571428571411e+02	  -8.3428571428571411e+02	  -8.3428571428571411e+02	  -8.3428571428571411e+02	  -8.7599999999999977e+02	  -1.0244194285714283e+02	  -1.9517279999999996e+01	  -5.9784914285714272e+01	   7.3525599999999983e+01	  -4.3637314285714274e+02	
  -8.4571428571428294e+02	  -8.4571428571428294e+02	  -8.4571428571428294e+02	  -8.4571428571428294e+02	  -8.4571428571428294e+02	  -8.8799999999999716e+02	  -1.0384525714285681e+02	  -1.9784639999999936e+01	  -6.0603885714285518e+01	   7.4532799999999753e+01	  -4.4235085714285572e+02	
  -8.5714285714285631e+02	  -8.5714285714285631e+02	  -8.5714285714285631e+02	  -8.5714285714285631e+02	  -8.5714285714285631e+02	  -8.9999999999999909e+02	  -1.0524857142857134e+02	  -2.0051999999999982e+01	  -6.1422857142857083e+01	   7.5539999999999921e+01	  -4.4832857142857102e+02	
  -8.6857142857142969e+02	  -8.6857142857142969e+02	  -8.6857142857142969e+02	  -8.6857142857142969e+02	  -8.6857142857142969e+02	  -9.1200000000000114e+02	  -1.0665188571428585e+02	  -2.0319360000000025e+01	  -6.2241828571428648e+01	   7.6547200000000089e+01	  -4.5430628571428628e+02	
  -8.7999999999999852e+02	  -8.7999999999999852e+02	  -8.7999999999999852e+02	  -8.7999999999999852e+02	  -8.7999999999999852e+02	  -9.2399999999999852e+02	  -1.0805519999999983e+02	  -2.0586719999999968e+01	  -6.3060799999999901e+01	   7.7554399999999873e+01	  -4.6028399999999925e+02	
  -8.9142857142857190e+02	  -8.9142857142857190e+02	  -8.9142857142857190e+02	  -8.9142857142857190e+02	  -8.9142857142857190e+02	  -9.3600000000000045e+02	  -1.0945851428571436e+02	  -2.0854080000000010e+01	  -6.3879771428571466e+01	   7.8561600000000041e+01	  -4.6626171428571456e+02	
  -9.0285714285714084e+02	  -9.0285714285714084e+02	  -9.0285714285714084e+02	  -9.0285714285714084e+02	  -9.0285714285714084e+02	  -9.4799999999999784e+02	  -1.1086182857142833e+02	  -2.1121439999999950e+01	  -6.4698742857142719e+01	   7.9568799999999811e+01	  -4.7223942857142748e+02	
  -9.1428571428571411e+02	  -9.1428571428571411e+02	  -9.1428571428571411e+02	  -9.1428571428571411e+02	  -9.1428571428571411e+02	  -9.5999999999999989e+02	  -1.1226514285714285e+02	  -2.1388799999999996e+01	  -6.5517714285714277e+01	   8.0575999999999979e+01	  -4.7821714285714279e+02	
  -9.2571428571428532e+02	  -9.2571428571428532e+02	  -9.2571428571428532e+02	  -9.2571428571428532e+02	  -9.2571428571428532e+02	  -9.7199999999999955e+02	  -1.1366845714285709e+02	  -2.1656159999999989e+01	  -6.6336685714285679e+01	   8.1583199999999962e+01	  -4.8419485714285690e+02	
  -9.3714285714285643e+02	  -9.3714285714285643e+02	  -9.3714285714285643e+02	  -9.3714285714285643e+02	  -9.3714285714285643e+02	  -9.8399999999999920e+02	  -1.1507177142857134e+02	  -2.1923519999999982e+01	  -6.7155657142857095e+01	   8.2590399999999931e+01	  -4.9017257142857102e+02	
  -9.4857142857142753e+02	  -9.4857142857142753e+02	  -9.4857142857142753e+02	  -9.4857142857142753e+02	  -9.4857142857142753e+02	  -9.9599999999999886e+02	  -1.1647508571428560e+02	  -2.2190879999999975e+01	  -6.7974628571428497e+01	   8.3597599999999900e+01	  -4.9615028571428513e+02	
  -9.6000000000000091e+02	  -9.6000000000000091e+02	  -9.6000000000000091e+02	  -9.6000000000000091e+02	  -9.6000000000000091e+02	  -1.0080000000000009e+03	  -1.1787840000000011e+02	  -2.2458240000000021e+01	  -6.8793600000000069e+01	   8.4604800000000068e+01	  -5.0212800000000044e+02	
  -9.7142857142857201e+02	  -9.7142857142857201e+02	  -9.7142857142857201e+02	  -9.7142857142857201e+02	  -9.7142857142857201e+02	  -1.0200000000000006e+03	  -1.1928171428571436e+02	  -2.2725600000000014e+01	  -6.9612571428571471e+01	   8.5612000000000037e+01	  -5.0810571428571455e+02	
  -9.8285714285714312e+02	  -9.8285714285714312e+02	  -9.8285714285714312e+02	  -9.8285714285714312e+02	  -9.8285714285714312e+02	  -1.0320000000000002e+03	  -1.2068502857142860e+02	  -2.2992960000000004e+01	  -7.0431542857142873e+01	   8.6619200000000021e+01	  -5.1408342857142873e+02	
  -9.9428571428571649e+02	  -9.9428571428571649e+02	  -9.9428571428571649e+02	  -9.9428571428571649e+02	  -9.9428571428571649e+02	  -1.0440000000000023e+03	  -1.2208834285714313e+02	  -2.3260320000000050e+01	  -7.1250514285714445e+01	   8.7626400000000189e+01	  -5.2006114285714398e+02	
  -1.0057142857142853e+03	  -1.0057142857142853e+03	  -1.0057142857142853e+03	  -1.0057142857142853e+03	  -1.0057142857142853e+03	  -1.0559999999999995e+03	  -1.2349165714285711e+02	  -2.3527679999999989e+01	  -7.2069485714285690e+01	   8.8633599999999959e+01	  -5.2603885714285695e+02	
  -1.0171428571428587e+03	  -1.0171428571428587e+03	  -1.0171428571428587e+03	  -1.0171428571428587e+03	  -1.0171428571428587e+03	  -1.0680000000000016e+03	  -1.2489497142857162e+02	  -2.3795040000000036e+01	  -7.2888457142857249e+01	   8.9640800000000127e+01	  -5.3201657142857221e+02	
  -1.0285714285714275e+03	  -1.0285714285714275e+03	  -1.0285714285714275e+03	  -1.0285714285714275e+03	  -1.0285714285714275e+03	  -1.0799999999999989e+03	  -1.2629828571428560e+02	  -2.4062399999999975e+01	  -7.3707428571428508e+01	   9.0647999999999911e+01	  -5.3799428571428518e+02	
  -1.0400000000000009e+03	  -1.0400000000000009e+03	  -1.0400000000000009e+03	  -1.0400000000000009e+03	  -1.0400000000000009e+03	  -1.0920000000000009e+03	  -1.2770160000000013e+02	  -2.4329760000000022e+01	  -7.4526400000000066e+01	   9.1655200000000079e+01	  -5.4397200000000043e+02	
  -1.0514285714285743e+03	  -1.0514285714285743e+03	  -1.0514285714285743e+03	  -1.0514285714285743e+03	  -1.0514285714285743e+03	  -1.1040000000000030e+03	  -1.2910491428571464e+02	  -2.4597120000000068e+01	  -7.5345371428571639e+01	   9.2662400000000247e+01	  -5.4994971428571580e+02	
  -1.0628571428571431e+03	  -1.0628571428571431e+03	  -1.0628571428571431e+03	  -1.0628571428571431e+03	  -1.0628571428571431e+03	  -1.1160000000000002e+03	  -1.3050822857142862e+02	  -2.4864480000000007e+01	  -7.6164342857142884e+01	   9.3669600000000017e+01	  -5.5592742857142878e+02	
  -1.0742857142857165e+03	  -1.0742857142857165e+03	  -1.0742857142857165e+03	  -1.0742857142857165e+03	  -1.0742857142857165e+03	  -1.1280000000000023e+03	  -1.3191154285714313e+02	  -2.5131840000000050e+01	  -7.6983314285714442e+01	   9.4676800000000185e+01	  -5.6190514285714403e+02	
  -1.0857142857142853e+03	  -1.0857142857142853e+03	  -1.0857142857142853e+03	  -1.0857142857142853e+03	  -1.0857142857142853e+03	  -1.1399999999999998e+03	  -1.3331485714285711e+02	  -2.5399199999999993e+01	  -7.7802285714285688e+01	   9.5683999999999969e+01	  -5.6788285714285701e+02	
  -1.0971428571428587e+03	  -1.0971428571428587e+03	  -1.0971428571428587e+03	  -1.0971428571428587e+03	  -1.0971428571428587e+03	  -1.1520000000000016e+03	  -1.3471817142857162e+02	  -2.5666560000000036e+01	  -7.8621257142857260e+01	   9.6691200000000137e+01	  -5.7386057142857226e+02	
  -1.1085714285714278e+03	  -1.1085714285714278e+03	  -1.1085714285714278e+03	  -1.1085714285714278e+03	  -1.1085714285714278e+03	  -1.1639999999999991e+03	  -1.3612148571428560e+02	  -2.5933919999999979e+01	  -7.9440228571428506e+01	   9.7698399999999907e+01	  -5.7983828571428523e+02	
  -1.1200000000000009e+03	  -1.1200000000000009e+03	  -1.1200000000000009e+03	  -1.1200000000000009e+03	  -1.1200000000000009e+03	  -1.1760000000000011e+03	  -1.3752480000000014e+02	  -2.6201280000000022e+01	  -8.0259200000000078e+01	   9.8705600000000089e+01	  -5.8581600000000049e+02	
  -1.1314285714285700e+03	  -1.1314285714285700e+03	  -1.1314285714285700e+03	  -1.1314285714285700e+03	  -1.1314285714285700e+03	  -1.1879999999999984e+03	  -1.3892811428571412e+02	  -2.6468639999999965e+01	  -8.1078171428571324e+01	   9.9712799999999859e+01	  -5.9179371428571346e+02	
  -1.1428571428571433e+03	  -1.1428571428571433e+03	  -1.1428571428571433e+03	  -1.1428571428571433e+03	  -1.1428571428571433e+03	  -1.2000000000000005e+03	  -1.4033142857142863e+02	  -2.6736000000000008e+01	  -8.1897142857142882e+01	   1.0072000000000003e+02	  -5.9777142857142871e+02	
  -1.1542857142857165e+03	  -1.1542857142857165e+03	  -1.1542857142857165e+03	  -1.1542857142857165e+03	  -1.1542857142857165e+03	  -1.2120000000000025e+03	  -1.4173474285714315e+02	  -2.7003360000000054e+01	  -8.2716114285714454e+01	   1.0172720000000020e+02	  -6.0374914285714408e+02	
  -1.1657142857142856e+03	  -1.1657142857142856e+03	  -1.1657142857142856e+03	  -1.1657142857142856e+03	  -1.1657142857142856e+03	  -1.2239999999999998e+03	  -1.4313805714285712e+02	  -2.7270719999999994e+01	  -8.3535085714285700e+01	   1.0273439999999998e+02	  -6.0972685714285706e+02	
  -1.1771428571428589e+03	  -1.1771428571428589e+03	  -1.1771428571428589e+03	  -1.1771428571428589e+03	  -1.1771428571428589e+03	  -1.2360000000000018e+03	  -1.4454137142857164e+02	  -2.7538080000000040e+01	  -8.4354057142857272e+01	   1.0374160000000015e+02	  -6.1570457142857231e+02	
  -1.1885714285714278e+03	  -1.1885714285714278e+03	  -1.1885714285714278e+03	  -1.1885714285714278e+03	  -1.1885714285714278e+03	  -1.2479999999999991e+03	  -1.4594468571428561e+02	  -2.7805439999999980e+01	  -8.5173028571428517e+01	   1.0474879999999992e+02	  -6.2168228571428529e+02	
  -1.2000000000000011e+03	  -1.2000000000000011e+03	  -1.2000000000000011e+03	  -1.2000000000000011e+03	  -1.2000000000000011e+03	  -1.2600000000000011e+03	  -1.4734800000000016e+02	  -2.8072800000000026e+01	  -8.5992000000000075e+01	   1.0575600000000009e+02	  -6.2766000000000054e+02	
  -1.2114285714285700e+03	  -1.2114285714285700e+03	  -1.2114285714285700e+03	  -1.2114285714285700e+03	  -1.2114285714285700e+03	  -1.2719999999999984e+03	  -1.4875131428571413e+02	  -2.8340159999999965e+01	  -8.6810971428571321e+01	   1.0676319999999987e+02	  -6.3363771428571351e+02	
  -1.2228571428571433e+03	  -1.2228571428571433e+03	  -1.2228571428571433e+03	  -1.2228571428571433e+03	  -1.2228571428571433e+03	  -1.2840000000000005e+03	  -1.5015462857142865e+02	  -2.8607520000000012e+01	  -8.7629942857142893e+01	   1.0777040000000004e+02	  -6.3961542857142877e+02	
  -1.2342857142857122e+03	  -1.2342857142857122e+03	  -1.2342857142857122e+03	  -1.2342857142857122e+03	  -1.2342857142857122e+03	  -1.2959999999999977e+03	  -1.5155794285714262e+02	  -2.8874879999999951e+01	  -8.8448914285714139e+01	   1.0877759999999981e+02	  -6.4559314285714174e+02	
  -1.2457142857142856e+03	  -1.2457142857142856e+03	  -1.2457142857142856e+03	  -1.2457142857142856e+03	  -1.2457142857142856e+03	  -1.3079999999999998e+03	  -1.5296125714285714e+02	  -2.9142239999999997e+01	  -8.9267885714285711e+01	   1.0978479999999998e+02	  -6.5157085714285711e+02	
  -1.2571428571428589e+03	  -1.2571428571428589e+03	  -1.2571428571428589e+03	  -1.2571428571428589e+03	  -1.2571428571428589e+03	  -1.3200000000000018e+03	  -1.5436457142857165e+02	  -2.9409600000000040e+01	  -9.0086857142857269e+01	   1.1079200000000014e+02	  -6.5754857142857236e+02	
  -1.2685714285714278e+03	  -1.2685714285714278e+03	  -1.2685714285714278e+03	  -1.2685714285714278e+03	  -1.2685714285714278e+03	  -1.3319999999999991e+03	  -1.5576788571428563e+02	  -2.9676959999999980e+01	  -9.0905828571428515e+01	   1.1179919999999993e+02	  -6.6352628571428534e+02	
  -1.2800000000000011e+03	  -1.2800000000000011e+03	  -1.2800000000000011e+03	  -1.2800000000000011e+03	  -1.2800000000000011e+03	  -1.3440000000000011e+03	  -1.5717120000000014e+02	  -2.9944320000000026e+01	  -9.1724800000000087e+01	   1.1280640000000010e+02	  -6.6950400000000059e+02	
  -1.2914285714285700e+03	  -1.2914285714285700e+03	  -1.2914285714285700e+03	  -1.2914285714285700e+03	  -1.2914285714285700e+03	  -1.3559999999999986e+03	  -1.5857451428571412e+02	  -3.0211679999999966e+01	  -9.2543771428571333e+01	   1.1381359999999987e+02	  -6.7548171428571357e+02	
  -1.3028571428571433e+03	  -1.3028571428571433e+03	  -1.3028571428571433e+03	  -1.3028571428571433e+03	  -1.3028571428571433e+03	  -1.3680000000000005e+03	  -1.5997782857142866e+02	  -3.0479040000000012e+01	  -9.3362742857142891e+01	   1.1482080000000003e+02	  -6.8145942857142882e+02	
  -1.3142857142857122e+03	  -1.3142857142857122e+03	  -1.3142857142857122e+03	  -1.3142857142857122e+03	  -1.3142857142857122e+03	  -1.3799999999999980e+03	  -1.6138114285714263e+02	  -3.0746399999999952e+01	  -9.4181714285714150e+01	   1.1582799999999982e+02	  -6.8743714285714179e+02	
  -1.3257142857142856e+03	  -1.3257142857142856e+03	  -1.3257142857142856e+03	  -1.3257142857142856e+03	  -1.3257142857142856e+03	  -1.3920000000000000e+03	  -1.6278445714285715e+02	  -3.1013759999999998e+01	  -9.5000685714285709e+01	   1.1683519999999999e+02	  -6.9341485714285704e+02	
  -1.3371428571428589e+03	  -1.3371428571428589e+03	  -1.3371428571428589e+03	  -1.3371428571428589e+03	  -1.3371428571428589e+03	  -1.4040000000000018e+03	  -1.6418777142857166e+02	  -3.1281120000000044e+01	  -9.5819657142857281e+01	   1.1784240000000015e+02	  -6.9939257142857241e+02	
  -1.3485714285714278e+03	  -1.3485714285714278e+03	  -1.3485714285714278e+03	  -1.3485714285714278e+03	  -1.3485714285714278e+03	  -1.4159999999999993e+03	  -1.6559108571428564e+02	  -3.1548479999999984e+01	  -9.6638628571428526e+01	   1.1884959999999994e+02	  -7.0537028571428539e+02	
  -1.3600000000000011e+03	  -1.3600000000000011e+03	  -1.3600000000000011e+03	  -1.3600000000000011e+03	  -1.3600000000000011e+03	  -1.4280000000000014e+03	  -1.6699440000000016e+02	  -3.1815840000000026e+01	  -9.7457600000000085e+01	   1.1985680000000011e+02	  -7.1134800000000064e+02	
  -1.3714285714285702e+03	  -1.3714285714285702e+03	  -1.3714285714285702e+03	  -1.3714285714285702e+03	  -1.3714285714285702e+03	  -1.4399999999999986e+03	  -1.6839771428571413e+02	  -3.2083199999999970e+01	  -9.8276571428571330e+01	   1.2086399999999988e+02	  -7.1732571428571362e+02	
  -1.3828571428571433e+03	  -1.3828571428571433e+03	  -1.3828571428571433e+03	  -1.3828571428571433e+03	  -1.3828571428571433e+03	  -1.4520000000000007e+03	  -1.6980102857142865e+02	  -3.2350560000000016e+01	  -9.9095542857142902e+01	   1.2187120000000004e+02	  -7.2330342857142887e+02	
  -1.3942857142857124e+03	  -1.3942857142857124e+03	  -1.3942857142857124e+03	  -1.3942857142857124e+03	  -1.3942857142857124e+03	  -1.4639999999999980e+03	  -1.7120434285714262e+02	  -3.2617919999999955e+01	  -9.9914514285714148e+01	   1.2287839999999983e+02	  -7.2928114285714184e+02	
  -1.4057142857142858e+03	  -1.4057142857142858e+03	  -1.4057142857142858e+03	  -1.4057142857142858e+03	  -1.4057142857142858e+03	  -1.4760000000000000e+03	  -1.7260765714285716e+02	  -3.2885280000000002e+01	  -1.0073348571428572e+02	   1.2388560000000000e+02	  -7.3525885714285710e+02	
  -1.4171428571428546e+03	  -1.4171428571428546e+03	  -1.4171428571428546e+03	  -1.4171428571428546e+03	  -1.4171428571428546e+03	  -1.4879999999999973e+03	  -1.7401097142857114e+02	  -3.3152639999999941e+01	  -1.0155245714285697e+02	   1.2489279999999977e+02	  -7.4123657142857007e+02	
  -1.4285714285714280e+03	  -1.4285714285714280e+03	  -1.4285714285714280e+03	  -1.4285714285714280e+03	  -1.4285714285714280e+03	  -1.4999999999999993e+03	  -1.7541428571428565e+02	  -3.3419999999999987e+01	  -1.0237142857142852e+02	   1.2589999999999993e+02	  -7.4721428571428544e+02	
  -1.4400000000000014e+03	  -1.4400000000000014e+03	  -1.4400000000000014e+03	  -1.4400000000000014e+03	  -1.4400000000000014e+03	  -1.5120000000000014e+03	  -1.7681760000000017e+02	  -3.3687360000000027e+01	  -1.0319040000000010e+02	   1.2690720000000010e+02	  -7.5319200000000069e+02	
  -1.4514285714285702e+03	  -1.4514285714285702e+03	  -1.4514285714285702e+03	  -1.4514285714285702e+03	  -1.4514285714285702e+03	  -1.5239999999999986e+03	  -1.7822091428571414e+02	  -3.3954719999999973e+01	  -1.0400937142857134e+02	   1.2791439999999989e+02	  -7.5916971428571367e+02	
  -1.4628571428571436e+03	  -1.4628571428571436e+03	  -1.4628571428571436e+03	  -1.4628571428571436e+03	  -1.4628571428571436e+03	  -1.5360000000000007e+03	  -1.7962422857142866e+02	  -3.4222080000000012e+01	  -1.0482834285714291e+02	   1.2892160000000004e+02	  -7.6514742857142892e+02	
  -1.4742857142857124e+03	  -1.4742857142857124e+03	  -1.4742857142857124e+03	  -1.4742857142857124e+03	  -1.4742857142857124e+03	  -1.5479999999999980e+03	  -1.8102754285714263e+02	  -3.4489439999999959e+01	  -1.0564731428571416e+02	   1.2992879999999982e+02	  -7.7112514285714190e+02	
  -1.4857142857142858e+03	  -1.4857142857142858e+03	  -1.4857142857142858e+03	  -1.4857142857142858e+03	  -1.4857142857142858e+03	  -1.5600000000000000e+03	  -1.8243085714285715e+02	  -3.4756799999999998e+01	  -1.0646628571428572e+02	   1.3093600000000001e+02	  -7.7710285714285715e+02	
  -1.4971428571428546e+03	  -1.4971428571428546e+03	  -1.4971428571428546e+03	  -1.4971428571428546e+03	  -1.4971428571428546e+03	  -1.5719999999999975e+03	  -1.8383417142857112e+02	  -3.5024159999999945e+01	  -1.0728525714285696e+02	   1.3194319999999976e+02	  -7.8308057142857012e+02	
  -1.5085714285714280e+03	  -1.5085714285714280e+03	  -1.5085714285714280e+03	  -1.5085714285714280e+03	  -1.5085714285714280e+03	  -1.5839999999999993e+03	  -1.8523748571428567e+02	  -3.5291519999999984e+01	  -1.0810422857142854e+02	   1.3295039999999995e+02	  -7.8905828571428538e+02	
  -1.5199999999999991e+03	  -1.5199999999999991e+03	  -1.5199999999999991e+03	  -1.5199999999999991e+03	  -1.5199999999999991e+03	  -1.5959999999999991e+03	  -1.8664079999999990e+02	  -3.5558879999999981e+01	  -1.0892319999999994e+02	   1.3395759999999993e+02	  -7.9503599999999949e+02	
  -1.5314285714285702e+03	  -1.5314285714285702e+03	  -1.5314285714285702e+03	  -1.5314285714285702e+03	  -1.5314285714285702e+03	  -1.6079999999999989e+03	  -1.8804411428571416e+02	  -3.5826239999999970e+01	  -1.0974217142857135e+02	   1.3496479999999988e+02	  -8.0101371428571372e+02	
  -1.5428571428571436e+03	  -1.5428571428571436e+03	  -1.5428571428571436e+03	  -1.5428571428571436e+03	  -1.5428571428571436e+03	  -1.6200000000000007e+03	  -1.8944742857142867e+02	  -3.6093600000000016e+01	  -1.1056114285714291e+02	   1.3597200000000007e+02	  -8.0699142857142897e+02	
  -1.5542857142857147e+03	  -1.5542857142857147e+03	  -1.5542857142857147e+03	  -1.5542857142857147e+03	  -1.5542857142857147e+03	  -1.6320000000000005e+03	  -1.9085074285714293e+02	  -3.6360960000000013e+01	  -1.1138011428571431e+02	   1.3697920000000002e+02	  -8.1296914285714308e+02	
  -1.5657142857142858e+03	  -1.5657142857142858e+03	  -1.5657142857142858e+03	  -1.5657142857142858e+03	  -1.5657142857142858e+03	  -1.6440000000000002e+03	  -1.9225405714285716e+02	  -3.6628320000000002e+01	  -1.1219908571428573e+02	   1.3798640000000000e+02	  -8.1894685714285720e+02	
  -1.5771428571428569e+03	  -1.5771428571428569e+03	  -1.5771428571428569e+03	  -1.5771428571428569e+03	  -1.5771428571428569e+03	  -1.6559999999999998e+03	  -1.9365737142857142e+02	  -3.6895679999999999e+01	  -1.1301805714285713e+02	   1.3899359999999999e+02	  -8.2492457142857131e+02	
  -1.5885714285714303e+03	  -1.5885714285714303e+03	  -1.5885714285714303e+03	  -1.5885714285714303e+03	  -1.5885714285714303e+03	  -1.6680000000000018e+03	  -1.9506068571428594e+02	  -3.7163040000000038e+01	  -1.1383702857142870e+02	   1.4000080000000014e+02	  -8.3090228571428656e+02	
  -1.5999999999999991e+03	  -1.5999999999999991e+03	  -1.5999999999999991e+03	  -1.5999999999999991e+03	  -1.5999999999999991e+03	  -1.6799999999999991e+03	  -1.9646399999999991e+02	  -3.7430399999999977e+01	  -1.1465599999999995e+02	   1.4100799999999992e+02	  -8.3687999999999954e+02	
  -1.6114285714285725e+03	  -1.6114285714285725e+03	  -1.6114285714285725e+03	  -1.6114285714285725e+03	  -1.6114285714285725e+03	  -1.6920000000000011e+03	  -1.9786731428571443e+02	  -3.7697760000000024e+01	  -1.1547497142857151e+02	   1.4201520000000008e+02	  -8.4285771428571491e+02	
  -1.6228571428571458e+03	  -1.6228571428571458e+03	  -1.6228571428571458e+03	  -1.6228571428571458e+03	  -1.6228571428571458e+03	  -1.7040000000000032e+03	  -1.9927062857142897e+02	  -3.7965120000000070e+01	  -1.1629394285714308e+02	   1.4302240000000026e+02	  -8.4883542857143016e+02	
  -1.6342857142857147e+03	  -1.6342857142857147e+03	  -1.6342857142857147e+03	  -1.6342857142857147e+03	  -1.6342857142857147e+03	  -1.7160000000000005e+03	  -2.0067394285714295e+02	  -3.8232480000000010e+01	  -1.1711291428571433e+02	   1.4402960000000004e+02	  -8.5481314285714313e+02	
  -1.6457142857142881e+03	  -1.6457142857142881e+03	  -1.6457142857142881e+03	  -1.6457142857142881e+03	  -1.6457142857142881e+03	  -1.7280000000000025e+03	  -2.0207725714285746e+02	  -3.8499840000000056e+01	  -1.1793188571428590e+02	   1.4503680000000020e+02	  -8.6079085714285839e+02	
  -1.6571428571428571e+03	  -1.6571428571428571e+03	  -1.6571428571428571e+03	  -1.6571428571428571e+03	  -1.6571428571428571e+03	  -1.7399999999999998e+03	  -2.0348057142857144e+02	  -3.8767199999999995e+01	  -1.1875085714285714e+02	   1.4604399999999998e+02	  -8.6676857142857136e+02	
  -1.6685714285714303e+03	  -1.6685714285714303e+03	  -1.6685714285714303e+03	  -1.6685714285714303e+03	  -1.6685714285714303e+03	  -1.7520000000000018e+03	  -2.0488388571428595e+02	  -3.9034560000000042e+01	  -1.1956982857142870e+02	   1.4705120000000016e+02	  -8.7274628571428661e+02	
  -1.6799999999999993e+03	  -1.6799999999999993e+03	  -1.6799999999999993e+03	  -1.6799999999999993e+03	  -1.6799999999999993e+03	  -1.7639999999999993e+03	  -2.0628719999999993e+02	  -3.9301919999999981e+01	  -1.2038879999999995e+02	   1.4805839999999992e+02	  -8.7872399999999959e+02	
  -1.6914285714285727e+03	  -1.6914285714285727e+03	  -1.6914285714285727e+03	  -1.6914285714285727e+03	  -1.6914285714285727e+03	  -1.7760000000000011e+03	  -2.0769051428571444e+02	  -3.9569280000000028e+01	  -1.2120777142857152e+02	   1.4906560000000010e+02	  -8.8470171428571496e+02	
  -1.7028571428571415e+03	  -1.7028571428571415e+03	  -1.7028571428571415e+03	  -1.7028571428571415e+03	  -1.7028571428571415e+03	  -1.7879999999999986e+03	  -2.0909382857142842e+02	  -3.9836639999999967e+01	  -1.2202674285714276e+02	   1.5007279999999989e+02	  -8.9067942857142782e+02	
  -1.7142857142857149e+03	  -1.7142857142857149e+03	  -1.7142857142857149e+03	  -1.7142857142857149e+03	  -1.7142857142857149e+03	  -1.8000000000000007e+03	  -2.1049714285714293e+02	  -4.0104000000000013e+01	  -1.2284571428571434e+02	   1.5108000000000004e+02	  -8.9665714285714319e+02	
  -1.7257142857142883e+03	  -1.7257142857142883e+03	  -1.7257142857142883e+03	  -1.7257142857142883e+03	  -1.7257142857142883e+03	  -1.8120000000000025e+03	  -2.1190045714285748e+02	  -4.0371360000000060e+01	  -1.2366468571428589e+02	   1.5208720000000022e+02	  -9.0263485714285844e+02	
  -1.7371428571428571e+03	  -1.7371428571428571e+03	  -1.7371428571428571e+03	  -1.7371428571428571e+03	  -1.7371428571428571e+03	  -1.8240000000000000e+03	  -2.1330377142857145e+02	  -4.0638719999999999e+01	  -1.2448365714285714e+02	   1.5309439999999998e+02	  -9.0861257142857141e+02	
  -1.7485714285714305e+03	  -1.7485714285714305e+03	  -1.7485714285714305e+03	  -1.7485714285714305e+03	  -1.7485714285714305e+03	  -1.8360000000000020e+03	  -2.1470708571428597e+02	  -4.0906080000000046e+01	  -1.2530262857142871e+02	   1.5410160000000016e+02	  -9.1459028571428667e+02	
  -1.7599999999999993e+03	  -1.7599999999999993e+03	  -1.7599999999999993e+03	  -1.7599999999999993e+03	  -1.7599999999999993e+03	  -1.8479999999999993e+03	  -2.1611039999999994e+02	  -4.1173439999999985e+01	  -1.2612159999999996e+02	   1.5510879999999995e+02	  -9.2056799999999964e+02	
  -1.7714285714285727e+03	  -1.7714285714285727e+03	  -1.7714285714285727e+03	  -1.7714285714285727e+03	  -1.7714285714285727e+03	  -1.8600000000000014e+03	  -2.1751371428571446e+02	  -4.1440800000000031e+01	  -1.2694057142857152e+02	   1.5611600000000010e+02	  -9.2654571428571489e+02	
  -1.7828571428571415e+03	  -1.7828571428571415e+03	  -1.7828571428571415e+03	  -1.7828571428571415e+03	  -1.7828571428571415e+03	  -1.8719999999999986e+03	  -2.1891702857142843e+02	  -4.1708159999999971e+01	  -1.2775954285714278e+02	   1.5712319999999988e+02	  -9.3252342857142787e+02	
  -1.7942857142857149e+03	  -1.7942857142857149e+03	  -1.7942857142857149e+03	  -1.7942857142857149e+03	  -1.7942857142857149e+03	  -1.8840000000000007e+03	  -2.2032034285714295e+02	  -4.1975520000000017e+01	  -1.2857851428571433e+02	   1.5813040000000004e+02	  -9.3850114285714324e+02	
  -1.8057142857142837e+03	  -1.8057142857142837e+03	  -1.8057142857142837e+03	  -1.8057142857142837e+03	  -1.8057142857142837e+03	  -1.8959999999999980e+03	  -2.2172365714285692e+02	  -4.2242879999999957e+01	  -1.2939748571428558e+02	   1.5913759999999982e+02	  -9.4447885714285610e+02	
  -1.8171428571428571e+03	  -1.8171428571428571e+03	  -1.8171428571428571e+03	  -1.8171428571428571e+03	  -1.8171428571428571e+03	  -1.9080000000000000e+03	  -2.2312697142857144e+02	  -4.2510240000000003e+01	  -1.3021645714285714e+02	   1.6014480000000000e+02	  -9.5045657142857146e+02	
  -1.8285714285714305e+03	  -1.8285714285714305e+03	  -1.8285714285714305e+03	  -1.8285714285714305e+03	  -1.8285714285714305e+03	  -1.9200000000000020e+03	  -2.2453028571428598e+02	  -4.2777600000000042e+01	  -1.3103542857142872e+02	   1.6115200000000016e+02	  -9.5643428571428672e+02	
  -1.8399999999999993e+03	  -1.8399999999999993e+03	  -1.8399999999999993e+03	  -1.8399999999999993e+03	  -1.8399999999999993e+03	  -1.9319999999999993e+03	  -2.2593359999999996e+02	  -4.3044959999999989e+01	  -1.3185439999999997e+02	   1.6215919999999994e+02	  -9.6241199999999969e+02	
  -1.8514285714285727e+03	  -1.8514285714285727e+03	  -1.8514285714285727e+03	  -1.8514285714285727e+03	  -1.8514285714285727e+03	  -1.9440000000000014e+03	  -2.2733691428571447e+02	  -4.3312320000000028e+01	  -1.3267337142857153e+02	   1.6316640000000010e+02	  -9.6838971428571494e+02	
  -1.8628571428571418e+03	  -1.8628571428571418e+03	  -1.8628571428571418e+03	  -1.8628571428571418e+03	  -1.8628571428571418e+03	  -1.9559999999999986e+03	  -2.2874022857142845e+02	  -4.3579679999999975e+01	  -1.3349234285714277e+02	   1.6417359999999988e+02	  -9.7436742857142792e+02	
  -1.8742857142857149e+03	  -1.8742857142857149e+03	  -1.8742857142857149e+03	  -1.8742857142857149e+03	  -1.8742857142857149e+03	  -1.9680000000000007e+03	  -2.3014354285714296e+02	  -4.3847040000000014e+01	  -1.3431131428571433e+02	   1.6518080000000006e+02	  -9.8034514285714317e+02	
  -1.8857142857142840e+03	  -1.8857142857142840e+03	  -1.8857142857142840e+03	  -1.8857142857142840e+03	  -1.8857142857142840e+03	  -1.9799999999999982e+03	  -2.3154685714285694e+02	  -4.4114399999999954e+01	  -1.3513028571428558e+02	   1.6618799999999982e+02	  -9.8632285714285615e+02	
  -1.8971428571428573e+03	  -1.8971428571428573e+03	  -1.8971428571428573e+03	  -1.8971428571428573e+03	  -1.8971428571428573e+03	  -1.9920000000000000e+03	  -2.3295017142857145e+02	  -4.4381760000000000e+01	  -1.3594925714285716e+02	   1.6719520000000000e+02	  -9.9230057142857152e+02	
  -1.9085714285714305e+03	  -1.9085714285714305e+03	  -1.9085714285714305e+03	  -1.9085714285714305e+03	  -1.9085714285714305e+03	  -2.0040000000000020e+03	  -2.3435348571428597e+02	  -4.4649120000000046e+01	  -1.3676822857142872e+02	   1.6820240000000018e+02	  -9.9827828571428677e+02	
  -1.9199999999999995e+03	  -1.9199999999999995e+03	  -1.9199999999999995e+03	  -1.9199999999999995e+03	  -1.9199999999999995e+03	  -2.0159999999999995e+03	  -2.3575679999999994e+02	  -4.4916479999999986e+01	  -1.3758719999999997e+02	   1.6920959999999994e+02	  -1.0042559999999997e+03	
  -1.9314285714285729e+03	  -1.9314285714285729e+03	  -1.9314285714285729e+03	  -1.9314285714285729e+03	  -1.9314285714285729e+03	  -2.0280000000000014e+03	  -2.3716011428571449e+02	  -4.5183840000000032e+01	  -1.3840617142857153e+02	   1.7021680000000012e+02	  -1.0102337142857150e+03	
  -1.9428571428571418e+03	  -1.9428571428571418e+03	  -1.9428571428571418e+03	  -1.9428571428571418e+03	  -1.9428571428571418e+03	  -2.0399999999999989e+03	  -2.3856342857142846e+02	  -4.5451199999999972e+01	  -1.3922514285714277e+02	   1.7122399999999990e+02	  -1.0162114285714280e+03	
  -1.9542857142857151e+03	  -1.9542857142857151e+03	  -1.9542857142857151e+03	  -1.9542857142857151e+03	  -1.9542857142857151e+03	  -2.0520000000000009e+03	  -2.3996674285714298e+02	  -4.5718560000000018e+01	  -1.4004411428571436e+02	   1.7223120000000006e+02	  -1.0221891428571432e+03	
  -1.9657142857142840e+03	  -1.9657142857142840e+03	  -1.9657142857142840e+03	  -1.9657142857142840e+03	  -1.9657142857142840e+03	  -2.0639999999999982e+03	  -2.4137005714285695e+02	  -4.5985919999999957e+01	  -1.4086308571428560e+02	   1.7323839999999984e+02	  -1.0281668571428563e+03	
  -1.9771428571428573e+03	  -1.9771428571428573e+03	  -1.9771428571428573e+03	  -1.9771428571428573e+03	  -1.9771428571428573e+03	  -2.0760000000000000e+03	  -2.4277337142857147e+02	  -4.6253280000000004e+01	  -1.4168205714285716e+02	   1.7424560000000000e+02	  -1.0341445714285715e+03	
  -1.9885714285714262e+03	  -1.9885714285714262e+03	  -1.9885714285714262e+03	  -1.9885714285714262e+03	  -1.9885714285714262e+03	  -2.0879999999999977e+03	  -2.4417668571428544e+02	  -4.6520639999999943e+01	  -1.4250102857142841e+02	   1.7525279999999978e+02	  -1.0401222857142845e+03	
  -1.9999999999999995e+03	  -1.9999999999999995e+03	  -1.9999999999999995e+03	  -1.9999999999999995e+03	  -1.9999999999999995e+03	  -2.0999999999999995e+03	  -2.4557999999999996e+02	  -4.6787999999999990e+01	  -1.4331999999999996e+02	   1.7625999999999996e+02	  -1.0460999999999997e+03	
  -2.0114285714285729e+03	  -2.0114285714285729e+03	  -2.0114285714285729e+03	  -2.0114285714285729e+03	  -2.0114285714285729e+03	  -2.1120000000000014e+03	  -2.4698331428571447e+02	  -4.7055360000000036e+01	  -1.4413897142857155e+02	   1.7726720000000012e+02	  -1.0520777142857150e+03	
