  -4.0000000000000000e+01	
  -3.9979999999999997e+01	
  -3.9960000000000001e+01	
  -3.9939999999999998e+01	
  -3.9920000000000002e+01	
  -3.9899999999999999e+01	
  -3.9880000000000003e+01	
  -3.9859999999999999e+01	
  -3.9840000000000003e+01	
  -3.9820000000000000e+01	
  -3.9799999999999997e+01	
  -3.9780000000000001e+01	
  -3.9759999999999998e+01	
  -3.9740000000000002e+01	
  -3.9719999999999999e+01	
  -3.9700000000000003e+01	
  -3.9680000000000000e+01	
  -3.9659999999999997e+01	
  -3.9640000000000001e+01	
  -3.9619999999999997e+01	
  -3.9600000000000001e+01	
  -3.9579999999999998e+01	
  -3.9560000000000002e+01	
  -3.9539999999999999e+01	
  -3.9520000000000003e+01	
  -3.9500000000000000e+01	
  -3.9479999999999997e+01	
  -3.9460000000000001e+01	
  -3.9439999999999998e+01	
  -3.9420000000000002e+01	
  -3.9399999999999999e+01	
  -3.9380000000000003e+01	
  -3.9359999999999999e+01	
  -3.9340000000000003e+01	
  -3.9320000000000000e+01	
  -3.9299999999999997e+01	
  -3.9280000000000001e+01	
  -3.9259999999999998e+01	
  -3.9240000000000002e+01	
  -3.9219999999999999e+01	
  -3.9200000000000003e+01	
  -3.9180000000000000e+01	
  -3.9159999999999997e+01	
  -3.9140000000000001e+01	
  -3.9119999999999997e+01	
  -3.9100000000000001e+01	
  -3.9079999999999998e+01	
  -3.9060000000000002e+01	
  -3.9039999999999999e+01	
  -3.9020000000000003e+01	
  -3.9000000000000000e+01	
  -3.8979999999999997e+01	
  -3.8960000000000001e+01	
  -3.8939999999999998e+01	
  -3.8920000000000002e+01	
  -3.8899999999999999e+01	
  -3.8880000000000003e+01	
  -3.8859999999999999e+01	
  -3.8840000000000003e+01	
  -3.8820000000000000e+01	
  -3.8799999999999997e+01	
  -3.8780000000000001e+01	
  -3.8759999999999998e+01	
  -3.8740000000000002e+01	
  -3.8719999999999999e+01	
  -3.8700000000000003e+01	
  -3.8680000000000000e+01	
  -3.8659999999999997e+01	
  -3.8640000000000001e+01	
  -3.8619999999999997e+01	
  -3.8600000000000001e+01	
  -3.8579999999999998e+01	
  -3.8560000000000002e+01	
  -3.8539999999999999e+01	
  -3.8520000000000003e+01	
  -3.8500000000000000e+01	
  -3.8479999999999997e+01	
  -3.8460000000000001e+01	
  -3.8439999999999998e+01	
  -3.8420000000000002e+01	
  -3.8399999999999999e+01	
  -3.8380000000000003e+01	
  -3.8359999999999999e+01	
  -3.8340000000000003e+01	
  -3.8320000000000000e+01	
  -3.8299999999999997e+01	
  -3.8280000000000001e+01	
  -3.8259999999999998e+01	
  -3.8240000000000002e+01	
  -3.8219999999999999e+01	
  -3.8200000000000003e+01	
  -3.8180000000000000e+01	
  -3.8159999999999997e+01	
  -3.8140000000000001e+01	
  -3.8119999999999997e+01	
  -3.8100000000000001e+01	
  -3.8079999999999998e+01	
  -3.8060000000000002e+01	
  -3.8039999999999999e+01	
  -3.8020000000000003e+01	
  -3.8000000000000000e+01	
  -3.7979999999999997e+01	
  -3.7960000000000001e+01	
  -3.7939999999999998e+01	
  -3.7920000000000002e+01	
  -3.7899999999999999e+01	
  -3.7880000000000003e+01	
  -3.7859999999999999e+01	
  -3.7840000000000003e+01	
  -3.7820000000000000e+01	
  -3.7799999999999997e+01	
  -3.7780000000000001e+01	
  -3.7759999999999998e+01	
  -3.7740000000000002e+01	
  -3.7719999999999999e+01	
  -3.7700000000000003e+01	
  -3.7680000000000000e+01	
  -3.7659999999999997e+01	
  -3.7640000000000001e+01	
  -3.7619999999999997e+01	
  -3.7600000000000001e+01	
  -3.7579999999999998e+01	
  -3.7560000000000002e+01	
  -3.7539999999999999e+01	
  -3.7520000000000003e+01	
  -3.7500000000000000e+01	
  -3.7479999999999997e+01	
  -3.7460000000000001e+01	
  -3.7439999999999998e+01	
  -3.7420000000000002e+01	
  -3.7399999999999999e+01	
  -3.7380000000000003e+01	
  -3.7359999999999999e+01	
  -3.7340000000000003e+01	
  -3.7320000000000000e+01	
  -3.7299999999999997e+01	
  -3.7280000000000001e+01	
  -3.7259999999999998e+01	
  -3.7240000000000002e+01	
  -3.7219999999999999e+01	
  -3.7200000000000003e+01	
  -3.7180000000000000e+01	
  -3.7159999999999997e+01	
  -3.7140000000000001e+01	
  -3.7119999999999997e+01	
  -3.7100000000000001e+01	
  -3.7079999999999998e+01	
  -3.7060000000000002e+01	
  -3.7039999999999999e+01	
  -3.7020000000000003e+01	
  -3.7000000000000000e+01	
  -3.6979999999999997e+01	
  -3.6960000000000001e+01	
  -3.6939999999999998e+01	
  -3.6920000000000002e+01	
  -3.6899999999999999e+01	
  -3.6880000000000003e+01	
  -3.6859999999999999e+01	
  -3.6840000000000003e+01	
  -3.6820000000000000e+01	
  -3.6799999999999997e+01	
  -3.6780000000000001e+01	
  -3.6759999999999998e+01	
  -3.6740000000000002e+01	
  -3.6719999999999999e+01	
  -3.6700000000000003e+01	
  -3.6680000000000000e+01	
  -3.6659999999999997e+01	
  -3.6640000000000001e+01	
  -3.6619999999999997e+01	
  -3.6600000000000001e+01	
  -3.6579999999999998e+01	
  -3.6560000000000002e+01	
  -3.6539999999999999e+01	
  -3.6520000000000003e+01	
  -3.6500000000000000e+01	
  -3.6479999999999997e+01	
